time	V(vs)
0.000000000000000e+00	0.000000e+00
1.000000000000000e-09	5.000983e-06
3.128215716679910e-06	3.068678e-02
6.255431433359819e-06	6.049984e-02
9.382647150039729e-06	8.944420e-02
1.250986286671964e-05	1.175199e-01
1.563707858339955e-05	1.447268e-01
1.876429430007946e-05	1.710650e-01
2.189151001675936e-05	1.965345e-01
2.775088501675936e-05	2.422613e-01
3.556338501675937e-05	2.984926e-01
4.337588501675939e-05	3.511802e-01
5.118838501675940e-05	4.003240e-01
5.900088501675941e-05	4.459242e-01
6.681338501675941e-05	4.879805e-01
7.462588501675943e-05	5.264932e-01
8.243838501675941e-05	5.614622e-01
9.164597430247371e-05	5.993881e-01
1.008535635881880e-04	6.345935e-01
1.100611528739023e-04	6.670783e-01
1.192687421596166e-04	6.968427e-01
1.284763314453309e-04	7.238865e-01
1.376839207310452e-04	7.482097e-01
1.468915100167595e-04	7.698125e-01
1.560990993024738e-04	7.897197e-01
1.653066885881881e-04	8.081989e-01
1.745142778739024e-04	8.252502e-01
1.837218671596167e-04	8.408734e-01
1.929294564453310e-04	8.550686e-01
2.021370457310453e-04	8.678358e-01
2.113446350167595e-04	8.791751e-01
2.205522243024738e-04	8.896243e-01
2.297598135881881e-04	8.993240e-01
2.389674028739024e-04	9.082742e-01
2.481749921596167e-04	9.164748e-01
2.573825814453310e-04	9.239258e-01
2.665901707310453e-04	9.306273e-01
2.757977600167596e-04	9.365792e-01
2.850053493024739e-04	9.420641e-01
2.942129385881882e-04	9.471554e-01
3.034205278739025e-04	9.518534e-01
3.126281171596168e-04	9.561578e-01
3.218357064453311e-04	9.600689e-01
3.310432957310454e-04	9.635864e-01
3.402508850167596e-04	9.667106e-01
3.497374921596168e-04	9.696699e-01
3.592240993024740e-04	9.724121e-01
3.687107064453311e-04	9.749370e-01
3.781973135881883e-04	9.772447e-01
3.876839207310454e-04	9.793352e-01
3.971705278739025e-04	9.812084e-01
4.066571350167597e-04	9.828644e-01
4.167017778739026e-04	9.844698e-01
4.267464207310454e-04	9.859521e-01
4.367910635881883e-04	9.873114e-01
4.468357064453312e-04	9.885475e-01
4.568803493024740e-04	9.896606e-01
4.669249921596169e-04	9.906506e-01
4.769696350167598e-04	9.915175e-01
4.881303493024741e-04	9.923921e-01
4.992910635881883e-04	9.931942e-01
5.104517778739026e-04	9.939238e-01
5.216124921596170e-04	9.945808e-01
5.327732064453313e-04	9.951652e-01
5.439339207310455e-04	9.956771e-01
5.550946350167598e-04	9.961165e-01
5.679294564453312e-04	9.965702e-01
5.807642778739027e-04	9.969823e-01
5.935990993024741e-04	9.973528e-01
6.064339207310455e-04	9.976817e-01
6.192687421596170e-04	9.979690e-01
6.321035635881884e-04	9.982146e-01
6.449383850167599e-04	9.984187e-01
6.619584743024742e-04	9.986543e-01
6.789785635881885e-04	9.988638e-01
6.959986528739028e-04	9.990472e-01
7.130187421596171e-04	9.992045e-01
7.300388314453313e-04	9.993356e-01
7.470589207310458e-04	9.994407e-01
7.640790100167600e-04	9.995196e-01
7.900276707310457e-04	9.996194e-01
8.159763314453314e-04	9.997050e-01
8.419249921596172e-04	9.997766e-01
8.678736528739030e-04	9.998341e-01
8.938223135881887e-04	9.998775e-01
9.197709743024744e-04	9.999067e-01
9.457196350167601e-04	9.999219e-01
1.000001000000000e-03	9.999546e-01
1.000002000000000e-03	9.999496e-01
1.009026039285639e-03	9.151012e-01
1.018050078571278e-03	8.362386e-01
1.027074117856917e-03	7.633615e-01
1.036098157142556e-03	6.964702e-01
1.045122196428195e-03	6.355644e-01
1.054146235713834e-03	5.806443e-01
1.063170274999473e-03	5.317099e-01
1.072098846428044e-03	4.870175e-01
1.081027417856616e-03	4.454553e-01
1.089955989285187e-03	4.070233e-01
1.098884560713759e-03	3.717216e-01
1.107813132142330e-03	3.395502e-01
1.116741703570901e-03	3.105090e-01
1.125670274999473e-03	2.845981e-01
1.134877864285187e-03	2.599853e-01
1.144085453570902e-03	2.371381e-01
1.153293042856616e-03	2.160563e-01
1.162500632142330e-03	1.967402e-01
1.171708221428044e-03	1.791895e-01
1.180915810713759e-03	1.634045e-01
1.190123399999473e-03	1.493849e-01
1.199330989285187e-03	1.364657e-01
1.208538578570902e-03	1.244732e-01
1.217746167856616e-03	1.134075e-01
1.226953757142330e-03	1.032685e-01
1.236161346428044e-03	9.405620e-02
1.245368935713759e-03	8.577064e-02
1.254576524999473e-03	7.841182e-02
1.263784114285187e-03	7.163055e-02
1.272991703570902e-03	6.533573e-02
1.282199292856616e-03	5.952734e-02
1.291406882142330e-03	5.420539e-02
1.300614471428044e-03	4.936989e-02
1.309822060713759e-03	4.502082e-02
1.319029649999473e-03	4.115819e-02
1.328516257142330e-03	3.749931e-02
1.338002864285187e-03	3.410900e-02
1.347489471428044e-03	3.098726e-02
1.356976078570902e-03	2.813408e-02
1.366462685713759e-03	2.554948e-02
1.375949292856616e-03	2.323344e-02
1.385435899999473e-03	2.118597e-02
1.395201524999473e-03	1.925169e-02
1.404967149999473e-03	1.746258e-02
1.414732774999473e-03	1.581862e-02
1.424498399999473e-03	1.431983e-02
1.434264024999473e-03	1.296620e-02
1.444029649999473e-03	1.175774e-02
1.453795274999473e-03	1.069444e-02
1.464397953570902e-03	9.641827e-03
1.475000632142330e-03	8.673266e-03
1.485603310713759e-03	7.788753e-03
1.496205989285188e-03	6.988290e-03
1.506808667856616e-03	6.271876e-03
1.517411346428045e-03	5.639511e-03
1.528014024999473e-03	5.091196e-03
1.540290810713759e-03	4.519383e-03
1.552567596428045e-03	3.998389e-03
1.564844382142330e-03	3.528213e-03
1.577121167856616e-03	3.108854e-03
1.589397953570902e-03	2.740314e-03
1.601674739285188e-03	2.422593e-03
1.613951524999473e-03	2.155689e-03
1.629297507142331e-03	1.861433e-03
1.644643489285188e-03	1.597672e-03
1.659989471428045e-03	1.364405e-03
1.675335453570902e-03	1.161632e-03
1.690681435713759e-03	9.893543e-04
1.706027417856616e-03	8.475708e-04
1.721373399999473e-03	7.362817e-04
1.734766257142331e-03	6.469702e-04
1.748159114285188e-03	5.660978e-04
1.761551971428045e-03	4.936646e-04
1.774944828570902e-03	4.296706e-04
1.788337685713759e-03	3.741157e-04
1.801730542856616e-03	3.270000e-04
1.815123399999474e-03	2.883235e-04
1.817076524999474e-03	2.827466e-04
1.843208164285263e-03	2.237288e-04
1.869339803571053e-03	1.730806e-04
1.895471442856842e-03	1.308021e-04
1.921603082142632e-03	9.689332e-05
1.947734721428421e-03	7.135422e-05
1.973866360714211e-03	5.418481e-05
1.999998000000000e-03	4.538509e-05
1.999999000000000e-03	4.538464e-05
2.000000000000000e-03	4.538418e-05
